#  Covariance matrix, redshift z=85.000000
4.849789436791474000e+05
9.254612262572998588e+04
1.609200298709508752e+04
3.124783899073178418e+03
8.508630779037993079e+02
2.872241869663174612e+02
9.573272633415658106e+01
3.161173426176904044e+01
1.236492699258209527e+01
6.187810299465040131e+00
3.418432557990939813e+00
1.821902665194642390e+00
9.541130712223911958e-01
5.464697375580307437e-01
3.547061359657405211e-01
2.418374472372882555e-01
1.608407691420671581e-01
1.053498224920376841e-01
7.173148408921480035e-02
