#  Covariance matrix, redshift z=75.000000
4.530642204448088305e+05
8.216073579314970993e+04
1.388004304505705477e+04
2.807276911582801858e+03
8.261727830697435593e+02
2.836301637962267819e+02
9.023949722946541385e+01
2.940102972787231295e+01
1.210542570556506092e+01
6.201768338276332670e+00
3.231157986815584859e+00
1.602427315158326149e+00
8.356470232473975912e-01
5.038560011347515966e-01
3.321048060816771952e-01
2.158366351401814209e-01
1.366392131611016969e-01
8.952811766512321079e-02
6.295477146354570841e-02
4.616294243526978397e-02
3.359492515528704482e-02
