#  Covariance matrix 02 (cross), redshift z=0.750000
4.383662138703360142e+03
2.391464430614595585e+03
1.350285274603204925e+03
7.662148552097211223e+02
4.318490660906994094e+02
2.416412879985445556e+02
1.354411640090576157e+02
7.721693341552631296e+01
4.554546325426333908e+01
2.815221773933291516e+01
1.834791487462138804e+01
1.256709161041599110e+01
8.896490699573131877e+00
6.417674768204572722e+00
4.650961940494709346e+00
3.338955342520439906e+00
2.357469170482441978e+00
1.640025193297238948e+00
1.133607896678302751e+00
7.868756186202657821e-01
5.545194830079254178e-01
4.008866977780204399e-01
2.995951399302733686e-01
2.317676531067120738e-01
1.845152837649687294e-01
1.495892266957380701e-01
1.220851089856345995e-01
9.933729444874941916e-02
8.007474069517094006e-02
6.380989307645629216e-02
5.032764327080610500e-02
3.944338314115167221e-02
3.090927669327317440e-02
2.440178919243324307e-02
1.956127676253843067e-02
1.599057099331303508e-02
1.334306779543095733e-02
1.132428032440904210e-02
9.726364593355095456e-03
8.406710515292615399e-03
7.271795993398529404e-03
6.262460048108400151e-03
5.355342642124573047e-03
