#  Covariance matrix 00, redshift z=0.820000
3.797716086018246187e+03
1.979832912015937382e+03
1.066237516770796219e+03
5.667131980219048728e+02
2.946989233793066774e+02
1.505285827623112027e+02
7.652276659305077544e+01
3.945515586034573374e+01
2.105351412148128887e+01
1.182071545549963965e+01
7.037752860551665712e+00
4.452259374330881592e+00
2.948804091962291540e+00
2.016076583662541832e+00
1.403248060620549742e+00
9.800398636972981192e-01
6.796331850495728188e-01
4.670360946260188606e-01
3.196842145953082692e-01
2.199123641434138909e-01
1.534969952217116185e-01
1.097386232087188412e-01
8.099141936375042761e-02
6.192420799833352890e-02
4.891450935648718884e-02
3.960255898208229347e-02
3.253110604463615302e-02
2.685891050868007349e-02
2.213975661199981543e-02
1.815855135350810320e-02
1.482027659811994795e-02
1.207064899170777472e-02
9.855152886699537415e-03
8.110943421603643289e-03
6.765532381092049727e-03
5.742926605611170347e-03
4.964886062967650143e-03
4.364981107318184270e-03
3.888418748305199311e-03
3.496843567690101004e-03
3.163669684432833355e-03
2.871324653187504270e-03
2.608414310438207564e-03
2.370201291314542099e-03
