#  Covariance matrix 02 (cross), redshift z=0.820000
5.096985926408427076e+03
2.816556868723228945e+03
1.611023657556099124e+03
9.257458575120190289e+02
5.276685701818688585e+02
2.977424234364293625e+02
1.675320255278376180e+02
9.532249158574801129e+01
5.575835203092414361e+01
3.401317592807593115e+01
2.178351641432173480e+01
1.467652627061719883e+01
1.025315901510676753e+01
7.329217761739490911e+00
5.291956778952048523e+00
3.807519200612092369e+00
2.703404300837542351e+00
1.891618361074189902e+00
1.311870674671512527e+00
9.101909429198538071e-01
6.381155115137022715e-01
4.565884568505415020e-01
3.363484068366503488e-01
2.562383434526152026e-01
2.014716760668478213e-01
1.622167986443502352e-01
1.323228963277465753e-01
1.082253599132716043e-01
8.805310635620283710e-02
7.093814778414939126e-02
5.653406217717590193e-02
4.466176144741205306e-02
3.512415311794470779e-02
2.767114669259048212e-02
2.199557229355423096e-02
1.776409062981313194e-02
1.462485753174203908e-02
1.227611167618828346e-02
1.046703074509075862e-02
9.022124788802082102e-03
7.820061560793204955e-03
6.781250763969489184e-03
5.854766310764153089e-03
5.021060053675869238e-03
