#  Covariance matrix 02 (cross), redshift z=2.250000
3.257153069577338101e+04
2.034577441224467475e+04
1.201673427188571077e+04
6.320085851149662631e+03
3.072124356388274464e+03
1.455941117565228296e+03
6.956107885166774167e+02
3.408101990793238656e+02
1.731659510339096641e+02
9.210513485068422312e+01
5.168218148196202577e+01
3.066189768672762028e+01
1.926464596522375317e+01
1.272852911930473496e+01
8.732154306409398714e+00
6.153893993792071804e+00
4.409075136342008427e+00
3.177427940652170157e+00
