#  Covariance matrix 22, redshift z=0.750000
2.395545210032543400e+04
1.266467813575775472e+04
6.954140646840062800e+03
3.814258522951572104e+03
2.070600151229818039e+03
1.115951333849701314e+03
6.043863955854160395e+02
3.347570706054253833e+02
1.931105709918634545e+02
1.175507466621225348e+02
7.594003134061017590e+01
5.184871660339997135e+01
3.675716694452195554e+01
2.664628126948588616e+01
1.945340684439819867e+01
1.409050794375031579e+01
1.004590765693310317e+01
7.059489356088588075e+00
4.929414919075520984e+00
3.456406485045659061e+00
2.460260422775451428e+00
1.796282121665790710e+00
1.355443654225341188e+00
1.058399803758755198e+00
8.501816235464905169e-01
6.952167079750117828e-01
5.722129363714457684e-01
4.696038555118494662e-01
3.819685625383228422e-01
3.073738684876253791e-01
2.450808588250642794e-01
1.944434696803686025e-01
1.544763823664657421e-01
1.237977487181025904e-01
1.008177864852004696e-01
8.373618142510136364e-02
7.096382457754123185e-02
6.113741233290088950e-02
5.329009440187919278e-02
4.675571955843505628e-02
4.109608019870109041e-02
3.603340853503577551e-02
3.145934526014764615e-02
