#  Covariance matrix 22, redshift z=1.250000
6.057967503884612233e+04
3.399886745305696240e+04
1.945511351440361250e+04
1.101740764942741953e+04
6.155924606764215241e+03
3.404687005025170492e+03
1.877169147397110009e+03
1.041755195034819963e+03
5.885922964273823936e+02
3.425087129533817460e+02
2.073768464820396105e+02
1.312082714833951798e+02
8.708198971298904212e+01
6.019165430622643242e+01
4.285588595515553578e+01
3.113305268724795027e+01
2.285676234667302253e+01
1.679015988011692784e+01
1.224933958413885904e+01
8.855736165679164884e+00
6.360113186679291708e+00
4.563144864313265714e+00
3.292050883530712291e+00
2.404274669567730172e+00
1.789238843203494023e+00
1.364314529278285226e+00
1.068888255713329238e+00
8.595216066616222506e-01
7.060070138911495041e-01
5.882857832220690364e-01
4.937093574716671651e-01
4.146659344159443483e-01
3.470285108761489434e-01
2.887191329052145594e-01
2.387536267120425326e-01
1.965692431069177293e-01
