#  Covariance matrix 22, redshift z=1.750000
1.171950269568133954e+05
6.525632504676184180e+04
3.594266912023943587e+04
1.943022280919421610e+04
1.039859286056878955e+04
5.536540486057025191e+03
2.944777234099673024e+03
1.575986438074882017e+03
8.576925593685335798e+02
4.802506986567573790e+02
2.796221382191575344e+02
1.703250486645566468e+02
1.088487326060194533e+02
7.293147947647341311e+01
5.068756668817007949e+01
3.619725151816195563e+01
2.632462785599695820e+01
1.932092946997840954e+01
1.418236871997570425e+01
1.035176683108992535e+01
7.503938315845467777e+00
5.416354885675971786e+00
3.912556291449274415e+00
2.844721302904208660e+00
2.094081359834523592e+00
