#  Covariance matrix 00, redshift z=1.750000
1.666037683587215724e+04
8.669622010079880056e+03
4.243544816111151704e+03
1.956887742657708031e+03
8.810150915070144038e+02
4.005728943127969615e+02
1.876301116108836311e+02
9.125637902973383575e+01
4.627877888271083862e+01
2.459100376387269904e+01
1.376600547045545575e+01
8.138585283383939384e+00
5.083311909167735898e+00
3.346130182955099563e+00
2.293926951725976604e+00
1.621074893979146170e+00
1.169809115856937254e+00
8.540223061576051045e-01
6.250832349518058439e-01
4.561286681116243913e-01
3.315187171812890576e-01
2.407024090532844662e-01
1.755198133077377487e-01
1.293035454420823072e-01
9.679253737378888667e-02
