#  Covariance matrix 00, redshift z=0.750000
3.234162272761639542e+03
1.673639918683712494e+03
8.976361533882911772e+02
4.765416540971462496e+02
2.481003218305166058e+02
1.271789081219594806e+02
6.506581450557588653e+01
3.387384783500069574e+01
1.831245100265532244e+01
1.043647944117729409e+01
6.317701711387028851e+00
4.051675711579036054e+00
2.708280378997291571e+00
1.859976244485985530e+00
1.293345460409089931e+00
8.973728327285069861e-01
6.164071207517020090e-01
4.196657091997887945e-01
2.853890712018902209e-01
1.958123896589222812e-01
1.369585272850120938e-01
9.859987594660596377e-02
7.355304642897816936e-02
5.688359679474976061e-02
4.532424274797925562e-02
3.682700379190313733e-02
3.018699778228234321e-02
2.474699440870101880e-02
2.018370357421976971e-02
1.635943297527479509e-02
1.320387666013287005e-02
1.065886012336913526e-02
8.656899416295448652e-03
7.117842311600328098e-03
5.956776061364187601e-03
5.083208965338576954e-03
4.419307550360569541e-03
3.899705182241959642e-03
3.478359266220920620e-03
3.123656973816273975e-03
2.814759277891047858e-03
2.538335445873044285e-03
2.288740087112439269e-03
