#  Covariance matrix 02 (cross), redshift z=1.250000
1.059760404080502667e+04
6.299604704899367789e+03
3.856170206202668851e+03
2.347406809960214105e+03
1.395858973753569671e+03
8.060918171286730285e+02
4.544418014657883873e+02
2.533834654688564569e+02
1.421299367469299284e+02
8.158134157845243806e+01
4.860176211729415741e+01
3.025328776519287288e+01
1.977410610863304896e+01
1.347965811751018883e+01
9.479181220354398363e+00
6.810850424412759452e+00
4.951562052991786089e+00
3.605524354008009968e+00
2.609443245452151672e+00
1.872439362735537349e+00
1.335097271010064590e+00
9.510270170768980735e-01
6.810911096722646052e-01
4.936336193321592680e-01
3.644447010182343405e-01
2.756302347411446751e-01
2.141825824600603334e-01
1.708496265150731552e-01
1.392364793363511932e-01
1.151162067996316513e-01
9.583158056434026850e-02
7.978589721565347570e-02
6.611175479751825457e-02
5.436933576201433138e-02
4.434694208012909811e-02
3.592159437380384318e-02
