#  Covariance matrix 00, redshift z=1.250000
8.399048054434399091e+03
4.535908583580358027e+03
2.448887371427455037e+03
1.277447023863826189e+03
6.449822885567137973e+02
3.188348957652022477e+02
1.569383869665772124e+02
7.834341594764433125e+01
4.033540267243208177e+01
2.170479000983500484e+01
1.232131234603386893e+01
7.396148800030466042e+00
4.702190696661142866e+00
3.137781364138551687e+00
2.170609642028259234e+00
1.540171307958440705e+00
1.109385024162127253e+00
8.027269539727335257e-01
5.790022857242542731e-01
4.153441980212757567e-01
2.970444084868584800e-01
2.129906185669328822e-01
1.541215667037741655e-01
1.132845954940353422e-01
8.510087850944025867e-02
6.564427131407089833e-02
5.208905535740643300e-02
4.244077628895157744e-02
3.532856300957819967e-02
2.984902938672898132e-02
2.543427291978846844e-02
2.174174732510541358e-02
1.858301535533748300e-02
1.585995298680493992e-02
1.352283996700685137e-02
1.154127590427711514e-02
