#  Covariance matrix 02 (cross), redshift z=1.750000
1.955738123657815595e+04
1.207505158498826131e+04
7.516484247458505706e+03
4.474731914806138775e+03
2.511973007221284661e+03
1.345637379219347622e+03
7.037733644008756073e+02
3.676504599188678526e+02
1.954384316034623055e+02
1.072417750161270362e+02
6.140320688304009877e+01
3.688969797295359143e+01
2.330692721968783232e+01
1.546761638364225711e+01
1.066334573273690722e+01
7.562175269206061756e+00
5.466255940460201579e+00
3.990106541545126007e+00
2.914085598959935020e+00
2.116548354640098939e+00
1.526585171051920709e+00
1.096005164752980932e+00
7.870503535287137753e-01
5.684660163579781100e-01
4.153594645790233963e-01
