#  Covariance matrix 22, redshift z=0.820000
2.802425545094198606e+04
1.495838739786171209e+04
8.281144041778012252e+03
4.574551082557542031e+03
2.499170566299922029e+03
1.353791727950938821e+03
7.351931379299259106e+02
4.068313425703195776e+02
2.334211045496459178e+02
1.408113722790568261e+02
8.981473221243746252e+01
6.060357984780704754e+01
4.257654418140675290e+01
3.068988421029922620e+01
2.238072138508968578e+01
1.627599260411064819e+01
1.168270178335454190e+01
8.262854059233303516e+00
5.790727491424898510e+00
4.058847370181527303e+00
2.874134360365975915e+00
2.076820822413094625e+00
1.544700759440387206e+00
1.187812866269318146e+00
9.423057004507159329e-01
7.651992175653180572e-01
6.293679637767597423e-01
5.190309185618562360e-01
4.259440489559065401e-01
3.463729666405735985e-01
2.789378292031641782e-01
2.229928737294454844e-01
1.777670595055691471e-01
1.422026050481671189e-01
1.149382360915622014e-01
9.445935218459829141e-02
7.913845116725001794e-02
6.756740187819265664e-02
5.856705095091606361e-02
5.130912355701329475e-02
4.521880419531108114e-02
3.991791697700794450e-02
3.516387674312036749e-02
3.086422615601666988e-02
